AA 1989	2.431200286371774 8.172094722684562
AA 1998	2.5119297889373122 9.490162220781201
AS 1995	0.7544466639933385 9.431260027477535
AS 2007	0.9911224062965941 5.310824364971268
B6 2005	2.637463349149742 1.047252087116476
B6 2014	2.9060613836211266 11.9444535370003
CO 1990	1.5743747703542315 1.4432578590101173
CO 2002	1.4712983008315392 5.720536757800232
CO 2011	1.7820304579080948 9.07054515675128
DL 1992	3.3171084335306875 9.141620695570793
DL 2004	3.4223306916319807 6.681596110039777
DL 2013	3.6844902146014005 17.626205627927902
EV 2010	2.54738924906508 9.201300622559984
MQ 2007	2.7691591427437774 3.3121859146558563
NW 1987	1.5655369718095122 1.7888627082778328
NW 1996	1.645296341951385 2.417740911952876
NW 2008	1.9443967308267385 6.186170502056257
OH 2007	2.7482356692891186 5.540963809615732
TW 1991	2.4593063786065543 3.3966909440893573
UA 1988	4.222795293725691 9.867141775015284
UA 1997	4.272012071163298 15.863925998709306
UA 2009	4.2755907816809335 18.622435418291616
WN 1990	0.6588279275496958 13.734234192598691
WN 2002	0.60625787904495 15.91845350000311
WN 2011	0.9041862592199602 7.413397807387767
