9E 2008	2.765716716875839 12.609689894751
AS 1989	0.6793250971067372 12.556260213724329
AS 1998	0.7641158507934537 8.571841237775203
B6 2008	2.8390835325860397 8.84914027494517
CO 1993	1.5525622324563022 4.364250488037783
CO 2005	1.7177321867054893 5.29246132829843
DL 1995	3.39132145137127 10.323963127583227
DL 2007	3.6712839703003888 5.227198077692719
EA 1989	2.4704366940112714 1.0154452355424155
EV 2004	2.40358406921047 16.54643458068628
EV 2013	2.727254189955762 17.16369011481669
F9 2011	0.22036779632650158 136.73590774466095
HP 2000	0.9133690583250539 6.121158789296743
NW 1999	1.729912826455649 1.4646640604532877
OO 2003	2.466763140760963 1.410634512267876
OO 2012	2.7335545475539074 7.5114192077314215
PI 1987	2.397424211560518 7.516944087989941
TW 1994	2.4400513085181017 6.566618301210099
TZ 2003	2.4104736475853716 14.630861568990099
US 1990	3.291941281159817 10.718298891539973
US 2002	3.22900642459604 10.623296665581108
US 2011	3.591722677729434 5.499626595700761
WN 1993	0.6631759755656997 13.386155612219305
WN 2005	0.8429944152728095 6.427308361819641
WN 2014	1.1487659406146873 3.8795748903913534
XE 2006	2.6341414252093225 10.554502580906217
YV 2012	2.653601116035644 15.968034861317733
