AA 1987	2.4559733499963317 3.20230190700363
AA 1996	2.5414093354914513 3.6499333089309403
AA 2008	2.814375240354414 13.183994402240955
AQ 2007	2.7890734490858042 3.142172520558262
AS 1993	0.681655455166779 11.926319517511558
AS 2005	0.8362488209719728 7.292660235624908
AS 2014	1.1485717346407245 5.510468761850831
B6 2003	2.4388033606050805 10.248290848459249
B6 2012	2.7638383991473954 7.067187652329267
CO 2000	1.7798069952452826 8.407782246399108
DL 1990	3.34450717031052 4.809679593733961
DL 2002	3.2447287035933305 9.099335702350459
DL 2011	3.5328507313678927 16.7843015362065
FL 2008	2.7927703672247537 12.409313291287276
HP 1989	0.6751291881493805 12.901231074922833
HP 1998	0.7628585239851354 8.533171510360944
MQ 2005	2.593759548612119 4.566782547055766
MQ 2014	2.791078948197772 18.68163244428922
NW 1994	1.57293005059001 1.0248618186219858
NW 2006	1.8070030727990296 2.1839424047420266
OH 2005	2.591515426190246 5.040375313559309
PS 1987	2.236140854436367 19.855376835589112
TW 2001	2.7584116705299335 6.8249226294876735
UA 1995	4.317120459433167 8.238424737476976
UA 2007	4.497024786683231 22.030874663648092
VX 2015	3.0370627765830096 2.0333518651482336
WN 2000	0.8948920842815505 7.827802927174034
XE 2010	2.535460403033592 12.616581161328043
