AA 1992	2.473278677257013 1.2837552813439856
AA 2004	2.5529944388644563 1.7806185487476682
AA 2013	2.7999439231154186 16.23838435790816
AL 1987	2.471903714565282 1.2623533851509592
AS 2001	0.9820320201700738 6.215745284444182
AS 2010	0.8300796182196987 8.392844705510157
CO 1999	1.702094375010071 7.450956212884819
F9 2008	0.31986326851416685 95.82852328726585
FL 2004	2.487700569320883 8.858079836585716
FL 2013	2.7375799314249027 19.727050366598803
HA 2006	2.6971622442147485 3.825399438042041
HA 2015	3.03615515316683 2.3057446011550837
HP 1994	0.6747269781702122 13.403067918100149
MQ 2001	2.6022996422125035 17.723832854613534
MQ 2010	2.4964892025458854 15.877712469107195
NW 1990	1.5786716702464099 0.2573551939118204
NW 2002	1.4986786272788164 0.30375038237127683
OH 2010	2.5905775760140615 6.273523224685391
OO 2009	2.464100133047052 10.63997986400446
UA 1991	4.192537460986971 15.270685158964739
UA 2003	4.275584079103241 0.6830670652909703
UA 2012	4.597299391663379 1.0417154566395084
US 1996	3.3856515914888883 10.263164184203276
US 2008	3.756217082472791 4.8081818530520195
WN 1999	0.8374239770558344 6.741462515299247
YV 2009	2.5120338308245342 4.795819456365962
