9E 2010	2.437820659703802 20.96891576870135
AA 1994	2.40541694014515 13.08615099878017
AA 2006	2.6817407130210547 7.720693090629254
AA 2015	2.9780637457548353 12.986659045120064
AS 1991	0.6704918824458365 13.62330555321411
AS 2003	0.6667353151745179 14.325211674286734
AS 2012	0.9918360009899925 5.637561552767636
B6 2010	2.5920673648813817 11.04345074730395
DH 2004	2.363196763538585 18.571490480513518
DL 2000	3.52910446414977 15.104895389384751
FL 2006	2.7221183267213047 -0.0881819011136713
HA 2008	2.860763996904847 4.062199550947213
HP 1987	0.6469649006063501 14.435199149652206
HP 1996	0.7584730447693994 9.153122233844059
MQ 2003	2.4298132868018048 4.454717655283474
MQ 2012	2.771091092024137 3.2607139138150956
NW 1992	1.540939217812041 6.093099947747959
NW 2004	1.6327542704570057 4.43366031776867
PA 1988	2.4396022993810207 7.200922843567412
UA 1993	4.2302510852198125 8.494547107466019
UA 2005	4.34293101789149 20.68756539980791
UA 2014	4.7222073579218655 9.096713306723245
US 1989	3.3339355602950653 5.158612885014463
US 1998	3.391464856696547 9.702033573283245
VX 2013	2.8424124494678673 10.383966083632458
