9E 2013	2.830948884697097 5.235983847857028
AA 1988	2.455665619878489 4.0806524134603706
AA 1997	2.4979719724322673 12.118362786574608
AA 2009	2.5081444855986845 10.491739419641817
AQ 2008	2.902033813932638 -0.19669289754224906
AS 1994	0.6593200308570443 14.799232134487625
AS 2006	0.9008594801269555 8.575549735504609
AS 2015	1.237206039388647 2.5179730812064633
B6 2004	2.5415186279227133 4.412982898614985
B6 2013	2.839240283571231 8.574060707500507
CO 2001	1.8758149065626881 4.864370278344381
CO 2010	1.7254564520786821 2.909023887707747
DL 1991	3.366358798813364 1.8549331615894857
DL 2003	3.3765266382368115 0.45160337544660933
DL 2012	3.694001475332618 1.3978558030827344
FL 2009	2.5407758742022626 2.983780985617557
HP 1999	0.8322000377492146 8.795027342969718
MQ 2006	2.6762440963919625 4.662013244394643
MQ 2015	2.9136272885133945 13.445600298989973
NW 1995	1.6537967814313042 1.1318999623605066
NW 2007	1.8661099062235411 5.910456799670328
OH 2006	2.715461032423208 0.3580403173313016
PS 1988	2.292462782539177 15.25534319753757
TW 1990	2.4600487705988425 3.4240560832649862
UA 1987	4.218345041441991 10.05741323624477
UA 1996	4.351143878590328 1.6518786537643564
UA 2008	4.631530427143356 10.213557303372227
WN 2001	0.9718977125523482 7.239642323212834
WN 2010	0.8361278267702077 7.225630518649538
XE 2011	2.580681514175074 16.247712516092975
