AA 2000	2.687432201975659 6.331870980999042
CO 1995	1.6386840575264867 3.4981737631864007
CO 2007	1.878120118495915 5.1661000945076125
DL 1988	3.3755861545254606 0.5933595507356131
DL 1997	3.37124138665156 13.419475061416506
DL 2009	3.4305293930531993 5.562116937053929
EV 2006	2.511263196116723 23.796328055933287
EV 2015	2.9444889839890704 10.701044443754256
F9 2013	0.29653322710997937 99.75193025483019
HA 2011	2.7326051375765084 0.07176999755611746
HP 1990	0.6791414335223172 12.337606862686528
HP 2002	0.6018164012232353 16.96370058516385
OO 2005	2.621117514276278 1.7045525145703095
OO 2014	2.878712873897893 9.418081907863495
PA 1991	2.4557837483152327 3.7099610460047074
PI 1989	2.413189326155281 7.2269501717892695
RU 2004	2.424147254049819 16.441089332882143
TW 1987	2.485405572460427 0.00804076165030665
TW 1996	2.532295426016646 4.191933453092815
TZ 2005	2.5714139276545143 13.082095947019354
US 1992	3.348369458849373 3.9225639568438737
US 2004	3.4467785265835085 1.4445057038977893
US 2013	3.7028037097323008 14.965064771782522
WN 1995	0.756987979014127 9.009441641161558
WN 2007	0.9867616615330279 5.530886641324372
XE 2008	2.7381792702716647 18.3362468209055
