AA 1991	2.419788406470361 10.004335964094025
AA 2003	2.4369465068031357 8.410335487678708
AA 2012	2.7375388757955372 12.329895017290141
AS 2000	0.8914859614296319 9.296235234978738
CO 1989	1.5396538220633949 6.351418836430753
CO 1998	1.642997375851152 3.2234519302930096
EV 2009	2.4964366870184045 6.274247822804682
F9 2007	0.24748594544550315 117.19610383692577
FL 2003	2.4715372791616255 1.1780390471357691
FL 2012	2.697568895639022 15.064045159884984
HA 2005	2.6308656580801073 2.8660425644451664
HA 2014	2.949494207550465 1.7585176838327357
HP 1993	0.6796425647733195 12.520010427624854
HP 2005	0.826233365504847 9.450101371069849
NW 2001	1.900830056397431 0.1351395483434885
OO 2008	2.8415742030313855 4.146622896435474
TW 1999	2.5766769482193785 10.461984608648379
UA 1990	4.227860596423554 9.337118109195671
UA 2002	4.128680537780703 14.029091108387775
UA 2011	4.431435901879477 20.779664023876876
US 1995	3.3811005418268123 10.739999755697852
US 2007	3.639662956314567 10.9427369922646
WN 1989	0.6581766042082527 13.867520948965556
WN 1998	0.7515007296375505 9.66661393691529
YV 2008	2.8517762783529106 2.8393981103291708
