AA 2001	2.718792893326908 16.199305342861408
AA 2010	2.573491416680799 13.944819707185104
AQ 2000	2.599853273729561 5.572465755226801
CO 1987	1.5582170980131955 4.2350065771125
CO 1996	1.6153132725805093 7.23616895034769
CO 2008	1.96070241712952 3.9737011519932253
DL 1989	3.3312922990880622 6.62700010394002
DL 1998	3.3928131781326094 10.527157918776595
EV 2007	2.608866134645013 21.279739575399333
F9 2005	0.15791111741894306 161.7171027099822
F9 2014	0.3513923067293801 83.13124098479474
FL 2010	2.640798967364558 -0.227869196923848
HA 2003	2.4844318759707456 2.5427157737392463
HA 2012	2.7920446481628907 3.2443662509816136
HP 1991	0.6847458176678504 11.564060468065463
HP 2003	0.6823310986420217 12.177104559355683
ML 1991	2.375630307039517 14.243175284665938
OO 2006	2.547815163628883 17.163350674395048
OO 2015	3.0320479379340943 0.8620420141820091
RU 2005	2.6288968527465664 1.4332199393453493
TW 1988	2.4776286303545625 0.20814483877899193
TW 1997	2.5143303185953663 7.335974964596687
TZ 2006	2.6752969383991436 8.964418067818883
UA 2000	4.442877307813743 15.47334436890742
US 1993	3.352429283823529 3.7514058808750406
US 2005	3.5106660147394675 4.54971695760031
US 2014	3.8022470467309066 10.765400410141183
WN 1987	0.6589507142579019 13.808555284904706
WN 1996	0.7272711507585716 11.675841068272902
WN 2008	1.0621115330747704 5.478248467718402
XE 2009	2.532296880458312 3.239987341322376
YV 2006	2.5524876826187626 17.55664511812674
