9E 2007	2.6120919439399413 20.467660163532344
AS 1988	0.669223694988685 13.222372262986255
AS 1997	0.7404736217070251 11.50649182547123
AS 2009	0.7632787483280944 8.553257945135613
B6 2007	2.798529499474229 0.18840197673750936
CO 1992	1.5387481412838027 6.771118948537037
CO 2004	1.6358550054257446 4.613835244123948
DL 1994	3.3058358374978276 10.971158683857198
DL 2006	3.6059199809029976 3.084294721427341
DL 2015	3.852977091024694 16.298060408129004
EA 1988	2.442940643973049 5.125438345570274
EV 2003	2.3137756509040917 17.095340808514578
EV 2012	2.694812363101261 11.460269548354177
F9 2010	0.19645665277153654 157.1424705995296
MQ 2009	2.4300056883297083 13.363646841079827
NW 1989	1.542012896285057 5.731783239890149
NW 1998	1.6430706786244191 2.614468627267911
OH 2009	2.4145317903663277 18.091896679319007
OO 2011	2.6049630318766597 13.180064288212265
TW 1993	2.423329694312124 8.252917362298206
UA 1999	4.3753750158240825 12.151889958131505
US 2001	3.636087367083872 9.919473217190898
US 2010	3.527221854747815 2.805867300306204
WN 1992	0.6853432502346294 11.503812903863135
WN 2004	0.7627823894327088 8.719599833815337
WN 2013	1.0770788299100114 3.1056846567966545
YV 2011	2.684216953721751 4.296351831567534
