AA 1993	2.4398003891977575 7.122411245292426
AA 2005	2.5684301890028016 14.326918331993909
AA 2014	2.907988153702451 10.637699816829468
AL 1988	2.42898998585157 5.3180277631691695
AS 1990	0.6641158159817165 14.271756222731142
AS 2002	0.6003406136534151 16.978497185269532
AS 2011	0.9134735549157177 6.25611391867514
DH 2003	2.4479638801298362 3.1356841979328465
EA 1990	2.473948957294269 0.8662948881200236
F9 2009	0.1316740234128588 185.51132630174732
FL 2005	2.520394541889684 15.635135643030821
FL 2014	2.906519724848684 7.386359433730945
HA 2007	2.801095305678512 0.25994431852234356
HP 1995	0.749320439961475 10.591434517309693
MQ 2002	2.3685098742395323 2.6256500299875256
MQ 2011	2.6776332840190458 4.876860424194831
NW 1991	1.5436372526387463 5.578506896384198
NW 2003	1.566491377889128 2.293278562471045
PA 1987	2.5020745222380554 -1.3235683951988335
UA 1992	4.185421131385048 16.46995148919268
UA 2004	4.33757612116418 4.686862097606195
UA 2013	4.631679875186185 12.012523343095268
US 1988	3.32027925799558 6.411410609575739
US 1997	3.384180139046894 10.485975830665609
US 2009	3.4086059044397845 10.092884030951893
VX 2012	2.7905226151111937 2.525194411762868
