AA 1995	2.551447222635608 1.9001743345731938
AA 2007	2.7209825286949267 15.541344551824238
AQ 2006	2.700629249727259 1.5930109679639202
AS 1992	0.680257410120189 12.223814890384133
AS 2004	0.7638810595102595 8.549273830485589
AS 2013	1.071662663864197 4.652822768178339
B6 2011	2.6963890402985617 4.738101318962038
DH 2005	2.58147001856215 6.645913281357593
DL 2001	3.6929247394888347 1.4264041027252006
DL 2010	3.5046012104046254 6.9696532524610575
FL 2007	2.75326838689657 6.424906307773938
HA 2009	2.55178053714218 1.7771431389338375
HP 1988	0.6711948579418988 13.186339623548228
HP 1997	0.7482046286917768 10.876284738195793
MQ 2004	2.4789675416244776 7.6749757289919955
MQ 2013	2.802647755963047 8.600843193390688
NW 1993	1.5452335173074254 5.305054028100017
NW 2005	1.6908402188742233 7.806356336785541
OH 2004	2.4808194991942845 8.469381868921943
PA 1989	2.4474126948650974 5.2470194790871005
TW 2000	2.6633097795311507 9.952826188259905
UA 1994	4.257320615760933 4.023678789658675
UA 2006	4.493576144987198 5.552976594192273
UA 2015	4.750579047353859 21.50091081479468
US 1999	3.4499088015492525 12.680373053961034
VX 2014	2.9213467262907984 10.153534020803136
