AA 1990	2.466169979607339 2.428348369812227
AA 2002	2.3792141966264477 3.8667023849001225
AA 2011	2.6972231607482766 4.602623721601276
AQ 2001	2.819552736348142 -0.4583191400767248
CO 1988	1.5449477954571622 5.938135235036043
CO 1997	1.636989034163443 3.892902476746343
CO 2009	1.6523390131880455 2.3332464621790905
DL 1999	3.514933750721383 4.154340877956372
EV 2008	2.6257640677070184 26.942985224462632
F9 2006	0.17706098395284695 143.5744688665769
F9 2015	0.403472054124572 69.93686693390868
FL 2011	2.7161861721748206 0.5465873883147196
HA 2004	2.5531778340708065 0.9127263954720775
HA 2013	2.8702264354602396 2.7571737071627354
HP 1992	0.6821652264216284 12.012931255878286
HP 2004	0.7624840988112095 9.064281496855003
NW 2000	1.7931627916339894 4.486730316901344
OO 2007	2.76826807192657 3.211156008386581
RU 2006	2.6481918435672567 8.937525598613774
TW 1989	2.4795685029791965 -0.18681845043994372
TW 1998	2.507510258992521 8.344492191659299
UA 2001	4.537844860656623 12.232714191697141
UA 2010	4.425376930947391 3.171019205119478
US 1994	3.332288009760655 6.362219368456465
US 2006	3.585973678915588 6.6309882058762355
US 2015	3.866783106287434 14.588371928250126
WN 1988	0.6572938948463696 13.888986311974861
WN 1997	0.7349790072118382 11.09740095654729
WN 2009	0.7416430100779019 11.664814035408114
YV 2007	2.6584454468549 14.558440014042304
