AA 1999	2.5868631659880403 10.550706142332785
AS 1987	0.6592932228254679 15.146589101510813
AS 1996	0.7687373373504673 8.019317689287561
AS 2008	1.0747426562150564 3.144101512226939
B6 2006	2.68439788191423 9.214777874763627
B6 2015	2.9965994506836773 8.607859190665977
CO 1991	1.5393536547930253 6.911249801832497
CO 2003	1.5745200565695694 1.214640513568213
DL 1993	3.3334663922713923 6.703728304678236
DL 2005	3.461921533898041 14.411914313058674
DL 2014	3.8356272424731515 4.167201608892356
EA 1987	2.436121160839716 5.733612433445103
EV 2011	2.5065970515640723 21.595289145170085
MQ 2008	2.816184258563289 6.674411549513707
NK 2015	2.98841197776497 9.058689513083948
NW 1988	1.5511764242674566 4.179592316788671
NW 1997	1.6499636123828694 1.4498044262471979
NW 2009	1.642073043119466 3.2040608428236794
OH 2008	2.882865448670709 -0.003952135379279298
OO 2010	2.5281737649618528 12.398786272399178
TW 1992	2.4685299782482812 1.923104173217098
UA 1989	4.241311562808782 6.347608146268385
UA 1998	4.320317723590306 7.632244638151292
US 2000	3.567995091160121 7.655455791268309
WN 1991	0.6550232410361106 14.061747548324497
WN 2003	0.6781530467211873 12.49048744030732
WN 2012	0.9795877997962742 6.9385878887561745
YV 2010	2.55928738930154 8.224553928094991
