9E 2009	2.5427112634673295 1.563168152035587
AS 1999	0.8229002972359559 9.147139037179429
B6 2009	2.543328269905797 3.5730226405386247
CO 1994	1.572381458925544 1.1190719336603934
CO 2006	1.7804427290117697 8.518549320070065
DL 1987	3.286780943502804 12.26806939522038
DL 1996	3.408521055316434 7.771848175744083
DL 2008	3.7603009747936946 4.087921138783827
EV 2005	2.490411293119524 16.04112811723857
EV 2014	2.9331891831917773 3.05870364598627
F9 2012	0.22557668373711817 121.59299931179025
HA 2010	2.6370142723308554 0.6574397770180269
HP 2001	0.9968074763458651 4.61828198030048
OO 2004	2.5042141195029415 4.928382222268937
OO 2013	2.7674671680390577 12.860509484279817
PA 1990	2.470303429611536 1.9521739103898312
PI 1988	2.457944007864466 1.9134356713923921
RU 2003	2.3679503999253053 12.827046917438878
TW 1995	2.4887920215702506 11.647092821772617
TZ 2004	2.4769965014829727 16.147115838668753
US 1991	3.3088074469283395 9.046654703188835
US 2003	3.3268231187167254 8.249565924054195
US 2012	3.688487944630404 1.876132061113367
WN 1994	0.6564434523198824 14.121808866347841
WN 2006	0.9188304289884348 5.229833220365336
WN 2015	1.232138938420366 2.964132165257979
XE 2007	2.721479471724583 10.172281822457023
YV 2013	2.8274042623487654 5.715142069514229
