9E 2008	2.76571671687549 12.609689894787039
AA 1991	2.419788406470379 10.004335964087716
AA 1998	2.5119297889376346 9.49016222072612
AA 2005	2.5684301890024477 14.326918332065077
AA 2012	2.737538875795222 12.32989501735176
AS 1992	0.6802574101202025 12.223814890382428
AS 1999	0.8229002972359923 9.147139037175322
AS 2006	0.900859480126904 8.575549735512453
AS 2013	1.071662663864236 4.652822768170552
B6 2003	2.4388033606050046 10.248290848478291
B6 2010	2.592067364881294 11.043450747319639
CO 1991	1.539353654792904 6.911249801845713
CO 1998	1.6429973758504852 3.2234519304030016
CO 2005	1.7177321867053519 5.29246132832651
DH 2004	2.3631967635387148 18.571490480506384
DL 1991	3.366358798813709 1.8549331615482174
DL 1998	3.392813178133675 10.527157918629939
DL 2005	3.461921533897598 14.411914313125294
DL 2012	3.6940014753322097 1.3978558031595867
EV 2005	2.490411293118739 16.0411281173202
EV 2012	2.69481236310257 11.460269548224176
F9 2009	0.13167402341271503 185.51132630176775
FL 2005	2.5203945418893707 15.635135643071465
FL 2012	2.697568895638817 15.064045159917896
HA 2004	2.5531778340707945 0.9127263954745217
HA 2011	2.7326051375764955 0.0717699975577375
HP 1992	0.6821652264216309 12.012931255878172
HP 1999	0.8322000377492093 8.795027342973285
MQ 2007	2.769159142743492 3.3121859146847896
MQ 2014	2.7910789481976455 18.681632444303546
NW 1992	1.5409392178120795 6.093099947739574
NW 1999	1.7299128264558106 1.464664060426827
NW 2006	1.8070030727989002 2.183942404757289
OH 2010	2.5905775760136796 6.273523224729502
OO 2003	2.466763140760714 1.410634512290045
OO 2010	2.5281737649615685 12.398786272427543
PA 1988	2.4396022993809834 7.200922843573892
TW 1990	2.460048770598992 3.4240560832478764
TW 1997	2.514330318595715 7.33597496455036
TZ 2003	2.4104736475852206 14.630861569020283
UA 1987	4.218345041442052 10.057413236242041
UA 1994	4.257320615762143 4.023678789471774
UA 2001	4.537844860657046 12.232714191637342
UA 2008	4.631530427143007 10.213557303474545
UA 2015	4.750579047352879 21.500910815015686
US 1990	3.291941281159455 10.71829889157209
US 1997	3.384180139046776 10.485975830682321
US 2004	3.4467785265838295 1.4445057038548725
US 2011	3.5917226777294915 5.4996265956990555
VX 2013	2.842412449467826 10.383966083644736
WN 1992	0.6853432502345098 11.50381290387309
WN 1999	0.837423977055844 6.741462515298238
WN 2006	0.9188304289884909 5.229833220357406
WN 2013	1.0770788299097525 3.1056846568346828
XE 2010	2.5354604030339507 12.616581161291833
YV 2008	2.851776278352731 2.839398110347929
9E 2013	2.8309488846967903 5.235983847885166
AA 1989	2.4312002863717157 8.17209472268405
AA 1996	2.541409335491238 3.6499333089660126
AA 2003	2.436946506804429 8.410335487447014
AA 2010	2.573491416681035 13.944819707135764
AQ 2000	2.599853273729588 5.5724657552255366
AQ 2007	2.7890734490858473 3.1421725205570112
AS 1990	0.664115815981685 14.271756222735092
AS 1997	0.7404736217069012 11.506491825485696
AS 2004	0.7638810595102126 8.549273830492368
AS 2011	0.9134735549156818 6.256113918682786
B6 2008	2.8390835325862525 8.849140274898787
B6 2015	2.9965994506833695 8.607859190725208
CO 1989	1.5396538220633813 6.351418836432856
CO 1996	1.6153132725805757 7.236168950336548
CO 2003	1.5745200565696287 1.2146405135552527
CO 2010	1.7254564520785611 2.909023887730939
DL 1989	3.331292299088014 6.627000103934392
DL 1996	3.4085210553157146 7.771848175823493
DL 2003	3.3765266382368226 0.451603375440925
DL 2010	3.5046012104026847 6.9696532528182615
EA 1989	2.470436694011446 1.0154452355209855
EV 2003	2.313775650904205 17.095340808503835
EV 2010	2.547389249065442 9.201300622527526
F9 2007	0.24748594544549932 117.19610383692705
F9 2014	0.35139230672937244 83.13124098479597
FL 2003	2.4715372791604895 1.1780390472681574
FL 2010	2.6407989673644052 -0.2278691969014517
HA 2009	2.551780537142169 1.7771431389365375
HP 1990	0.6791414335222697 12.337606862692212
HP 1997	0.7482046286918075 10.876284738192453
HP 2004	0.7624840988112117 9.064281496855159
MQ 2005	2.5937595486117124 4.566782547091776
MQ 2012	2.7710910920241933 3.260713913809127
NK 2015	2.988411977765211 9.058689513039724
NW 1990	1.578671670246135 0.25735519394544326
NW 1997	1.649963612382913 1.4498044262489032
NW 2004	1.6327542704568616 4.433660317789531
OH 2008	2.8828654486711223 -0.00395213542469719
OO 2008	2.841574203031998 4.146622896383178
OO 2015	3.032047937935296 0.8620420140381384
PI 1988	2.457944007864322 1.9134356714070577
PS 1987	2.236140854436373 19.85537683558863
RU 2005	2.628896852746119 1.4332199393991232
TW 1988	2.477628630354395 0.20814483879678392
TW 1995	2.4887920215698904 11.64709282182639
UA 1992	4.185421131384591 16.469951489269306
UA 1999	4.375375015824268 12.15188995809001
UA 2006	4.493576144985753 5.552976594471033
UA 2013	4.6316798751851325 12.012523343314456
US 1988	3.3202792579957547 6.411410609555503
US 1995	3.381100541826237 10.739999755766917
US 2002	3.2290064245959824 10.623296665588214
US 2009	3.408605904440158 10.092884030887717
WN 1990	0.6588279275496793 13.734234192600049
WN 1997	0.7349790072119285 11.097400956538962
WN 2004	0.7627823894326726 8.719599833820155
WN 2011	0.9041862592200173 7.413397807379326
XE 2008	2.7381792702717824 18.336246820888277
YV 2006	2.5524876826187515 17.55664511812651
YV 2013	2.8274042623484044 5.715142069548904
9E 2007	2.612091943940367 20.467660163488148
AA 1990	2.4661699796073915 2.4283483697978454
AA 1997	2.4979719724327536 12.118362786505486
AA 2004	2.5529944388641734 1.7806185488029769
AA 2011	2.697223160747898 4.602623721677617
AQ 2001	2.819552736348134 -0.45831914007652585
AQ 2008	2.9020338139326363 -0.19669289754253327
AS 1991	0.6704918824458309 13.623305553214777
AS 1998	0.7641158507935161 8.571841237767757
AS 2005	0.8362488209720388 7.292660235613596
AS 2012	0.9918360009900042 5.6375615527647085
B6 2009	2.543328269906284 3.5730226404511995
CO 1990	1.5743747703543962 1.4432578589890852
CO 1997	1.6369890341635671 3.8929024767238047
CO 2004	1.6358550054253773 4.613835244193126
CO 2011	1.7820304579083268 9.070545156702735
DH 2003	2.4479638801289085 3.1356841980188506
DL 1990	3.3445071703106852 4.809679593716908
DL 1997	3.3712413866519277 13.419475061364778
DL 2004	3.4223306916328986 6.681596109883969
DL 2011	3.532850731367161 16.784301536321777
EA 1990	2.4739489572943887 0.8662948881100192
EV 2004	2.4035840692098995 16.546434580746933
EV 2011	2.5065970515634874 21.595289145231504
F9 2008	0.3198632685142907 95.82852328724726
F9 2015	0.4034720541245015 69.93686693392038
FL 2004	2.4877005693206025 8.858079836622267
FL 2011	2.716186172175301 0.5465873882530445
HA 2003	2.4844318759707433 2.5427157737390758
HA 2010	2.6370142723308434 0.657439777021608
HP 1991	0.6847458176678272 11.5640604680666
HP 1998	0.7628585239851213 8.533171510362621
HP 2005	0.8262333655049346 9.450101371053336
MQ 2006	2.6762440963918133 4.662013244406751
MQ 2013	2.8026477559630885 8.60084319338597
NW 1991	1.5436372526386164 5.5785068964074185
NW 1998	1.6430706786242224 2.6144686273008233
NW 2005	1.6908402188742215 7.806356336778492
OH 2009	2.4145317903666594 18.091896679275862
OO 2009	2.4641001330465557 10.639979864053629
PA 1987	2.502074522238037 -1.323568395196503
PI 1989	2.4131893261553685 7.2269501717790945
PS 1988	2.292462782539204 15.255343197535467
RU 2006	2.648191843567222 8.937525598615707
TW 1989	2.4795685029793137 -0.18681845045404089
TW 1996	2.5322954260165016 4.191933453108163
UA 1993	4.230251085220656 8.494547107332778
UA 2000	4.44287730781321 15.473344369005872
UA 2007	4.497024786681344 22.030874664004727
UA 2014	4.722207357921681 9.096713306754623
US 1989	3.333935560295115 5.158612884997126
US 1996	3.3856515914888528 10.263164184207312
US 2003	3.326823118716861 8.249565924021738
US 2010	3.527221854747725 2.8058673003304193
VX 2012	2.790522615111154 2.5251944117736684
WN 1991	0.6550232410361267 14.061747548323183
WN 1998	0.7515007296376703 9.666613936903673
WN 2005	0.8429944152727399 6.427308361829361
WN 2012	0.9795877997961844 6.938587888769405
XE 2009	2.532296880457754 3.2399873413812657
YV 2007	2.658445446854752 14.558440014054895
AA 1988	2.455665619878406 4.0806524134712845
AA 1995	2.5514472226351654 1.9001743346605622
AA 2002	2.3792141966263727 3.8667023849120596
AA 2009	2.5081444855986184 10.491739419654834
AQ 2006	2.7006292497272746 1.5930109679627833
AS 1989	0.67932509710676 12.556260213721629
AS 1996	0.7687373373504723 8.01931768928631
AS 2003	0.6667353151744889 14.325211674291765
AS 2010	0.83007961821968 8.39284470551155
B6 2007	2.798529499474393 0.18840197670499492
B6 2014	2.9060613836209197 11.94445353703253
CO 1988	1.5449477954570399 5.9381352350505665
CO 1995	1.6386840575261785 3.4981737632320744
CO 2002	1.4712983008316005 5.720536757790995
CO 2009	1.6523390131877167 2.3332464622498605
DL 1988	3.3755861545253167 0.5933595507553378
DL 1995	3.3913214513703247 10.32396312770095
DL 2002	3.244728703592623 9.099335702447263
DL 2009	3.4305293930533227 5.562116937039605
EA 1988	2.4429406439731767 5.125438345553903
EV 2009	2.4964366870182806 6.274247822813322
F9 2006	0.17706098395270617 143.57446886659855
F9 2013	0.296533227110034 99.7519302548233
FL 2009	2.5407758742017816 2.9837809856881563
HA 2008	2.860763996904895 4.06219955094366
HA 2015	3.0361551531668254 2.305744601153549
HP 1989	0.675129188149383 12.901231074922514
HP 1996	0.7584730447693847 9.153122233844613
HP 2003	0.6823310986420197 12.17710455935466
MQ 2004	2.478967541624531 7.674975728989352
MQ 2011	2.6776332840186083 4.876860424245706
NW 1989	1.5420128962849706 5.731783239896629
NW 1996	1.645296341951336 2.417740911965126
NW 2003	1.5664913778894114 2.2932785624294354
OH 2007	2.748235669289077 5.540963809617438
OO 2007	2.7682680719260246 3.2111560084436803
OO 2014	2.8787128738985 9.418081907795909
PI 1987	2.39742421156054 7.5169440879892875
RU 2004	2.4241472540496245 16.4410893329011
TW 1987	2.485405572460369 0.008040761657355233
TW 1994	2.440051308518005 6.5666183012218085
TW 2001	2.75841167053003 6.824922629474202
UA 1991	4.192537460986792 15.270685159004529
UA 1998	4.320317723590927 7.632244638058296
UA 2005	4.342931017891494 20.687565399817572
UA 2012	4.5972993916638725 1.041715456547081
US 1994	3.3322880097606493 6.3622193684686295
US 2001	3.636087367084491 9.919473217108873
US 2008	3.756217082473092 4.808181853004498
US 2015	3.866783106287086 14.58837192830947
WN 1989	0.6581766042082104 13.867520948969059
WN 1996	0.7272711507585766 11.675841068272469
WN 2003	0.6781530467211297 12.490487440314752
WN 2010	0.8361278267702147 7.225630518648515
XE 2007	2.7214794717243826 10.172281822479931
YV 2012	2.6536011160355573 15.968034861323417
9E 2009	2.5427112634666846 1.5631681521020937
AA 1992	2.473278677257213 1.2837552813251705
AA 1999	2.586863165987668 10.5507061424114
AA 2006	2.6817407130212136 7.720693090592022
AA 2013	2.7999439231151535 16.238384357960967
AS 1993	0.6816554551668258 11.926319517505505
AS 2000	0.8914859614296423 9.296235234977274
AS 2007	0.9911224062966157 5.310824364966692
AS 2014	1.148571734640855 5.5104687618247965
B6 2004	2.541518627922828 4.412982898587302
B6 2011	2.696389040298595 4.738101318962379
CO 1992	1.5387481412840667 6.771118948497843
CO 1999	1.7020943750100292 7.450956212892606
CO 2006	1.7804427290117393 8.518549320077796
DH 2005	2.581470018562219 6.645913281349493
DL 1992	3.3171084335316428 9.141620695454208
DL 1999	3.5149337507213883 4.1543408779619995
DL 2006	3.6059199809028777 3.0842947214307515
DL 2013	3.684490214600878 17.626205628014304
EV 2006	2.51126319611711 23.79632805589071
EV 2013	2.7272541899551155 17.16369011488922
F9 2010	0.19645665277157148 157.14247059952456
FL 2006	2.7221183267211058 -0.0881819010882623
FL 2013	2.7375799314245475 19.727050366646722
HA 2005	2.6308656580801286 2.8660425644413294
HA 2012	2.7920446481628676 3.2443662509840294
HP 1993	0.6796425647732647 12.520010427631945
HP 2000	0.9133690583250382 6.121158789299045
ML 1991	2.3756303070395854 14.243175284657354
MQ 2001	2.6022996422135134 17.72383285453148
MQ 2008	2.816184258563525 6.674411549488241
MQ 2015	2.9136272885141823 13.445600298908971
NW 1993	1.5452335173074239 5.305054028096976
NW 2000	1.793162791633959 4.486730316899326
NW 2007	1.8661099062237252 5.9104567996425885
OH 2004	2.480819499193264 8.46938186902787
OO 2004	2.5042141195035788 4.9283822222156175
OO 2011	2.6049630318766837 13.180064288214425
PA 1989	2.4474126948648633 5.24701947912223
TW 1991	2.4593063786065934 3.396690944081172
TW 1998	2.5075102589925877 8.344492191653899
TZ 2004	2.476996501483104 16.147115838648574
UA 1988	4.222795293726751 9.867141774853053
UA 1995	4.317120459432011 8.23842473768218
UA 2002	4.128680537780537 14.029091108420971
UA 2009	4.27559078168029 18.622435418404507
US 1991	3.3088074469287005 9.046654703167292
US 1998	3.3914648566965644 9.702033573284893
US 2005	3.5106660147388635 4.549716957686428
US 2012	3.6884879446302965 1.8761320611232577
VX 2014	2.921346726290743 10.153534020818029
WN 1993	0.6631759755658175 13.38615561220962
WN 2000	0.894892084281438 7.82780292718661
WN 2007	0.9867616615330432 5.530886641322198
WN 2014	1.1487659406147535 3.879574890381434
XE 2011	2.580681514175753 16.247712516014303
YV 2009	2.5120338308239103 4.795819456426273
9E 2010	2.4378206597039194 20.968915768690266
AA 1993	2.4398003891985427 7.1224112451778865
AA 2000	2.6874322019758776 6.3318709809605025
AA 2007	2.7209825286950067 15.541344551808834
AA 2014	2.907988153701995 10.637699816916836
AL 1987	2.471903714565339 1.2623533851462128
AS 1987	0.6592932228254621 15.146589101511381
AS 1994	0.6593200308570457 14.79923213448933
AS 2001	0.982032020170093 6.215745284440544
AS 2008	1.0747426562150273 3.1441015122311455
AS 2015	1.2372060393887447 2.517973081187421
B6 2005	2.6374633491498916 1.0472520870790731
B6 2012	2.763838399147646 7.067187652288112
CO 1993	1.5525622324562125 4.3642504880484125
CO 2000	1.7798069952449915 8.407782246446857
CO 2007	1.8781201184956464 5.166100094560136
DL 1993	3.333466392272089 6.703728304584445
DL 2000	3.529104464148309 15.104895389611329
DL 2007	3.6712839703003546 5.227198077717503
DL 2014	3.835627242472667 4.167201608993764
EV 2007	2.608866134645263 21.279739575369263
EV 2014	2.933189183191361 3.0587036460199784
F9 2011	0.22036779632662282 136.73590774464174
FL 2007	2.7532683868966217 6.424906307766264
FL 2014	2.906519724848443 7.3863594337609015
HA 2006	2.6971622442147094 3.8253994380436325
HA 2013	2.870226435460245 2.757173707160973
HP 1987	0.6469649006063461 14.435199149652753
HP 1994	0.6747269781702351 13.40306791809725
HP 2001	0.9968074763459123 4.618281980292693
MQ 2002	2.3685098742400994 2.625650029943074
MQ 2009	2.4300056883299987 13.363646841050098
NW 1987	1.5655369718095018 1.7888627082790265
NW 1994	1.5729300505898125 1.02486181864424
NW 2001	1.9008300563966867 0.13513954844432874
NW 2008	1.9443967308266001 6.186170502072571
OH 2005	2.5915154261886553 5.04037531371884
OO 2005	2.6211175142761487 1.7045525145829288
OO 2012	2.7335545475534526 7.511419207786446
PA 1990	2.470303429611479 1.9521739103983577
TW 1992	2.4685299782485375 1.9231041731877667
TW 1999	2.576676948219783 10.461984608592331
TZ 2005	2.571413927654519 13.082095947015091
UA 1989	4.241311562809338 6.347608146182665
UA 1996	4.35114387859035 1.6518786537567394
UA 2003	4.275584079103784 0.683067065212299
UA 2010	4.425376930947224 3.1710192051581316
US 1992	3.34836945884901 3.922563956886904
US 1999	3.4499088015495762 12.680373053930794
US 2006	3.585973678915905 6.630988205817005
US 2013	3.702803709732015 14.965064771817197
VX 2015	3.0370627765830247 2.0333518651442546
WN 1987	0.6589507142578829 13.808555284906255
WN 1994	0.6564434523198172 14.121808866353263
WN 2001	0.971897712552098 7.2396423232423786
WN 2008	1.0621115330747457 5.478248467721912
WN 2015	1.232138938420199 2.964132165283587
YV 2010	2.5592873893013817 8.22455392810997
AA 1987	2.4559733499962255 3.2023019070156806
AA 1994	2.4054169401456047 13.086150998713379
AA 2001	2.7187928933266616 16.199305342915522
AA 2008	2.8143752403544817 13.183994402225835
AA 2015	2.9780637457551884 12.986659045055603
AL 1988	2.428989985851852 5.318027763140606
AS 1988	0.6692236949886907 13.222372262985523
AS 1995	0.7544466639932444 9.431260027490495
AS 2002	0.6003406136533764 16.97849718527401
AS 2009	0.7632787483280831 8.55325794513952
B6 2006	2.684397881914441 9.214777874715708
B6 2013	2.839240283571093 8.574060707529554
CO 1987	1.5582170980131946 4.235006577112614
CO 1994	1.5723814589255098 1.119071933662184
CO 2001	1.8758149065623357 4.86437027841248
CO 2008	1.9607024171293739 3.973701152019828
DL 1987	3.2867809435029325 12.26806939520469
DL 1994	3.305835837497054 10.971158683954116
DL 2001	3.6929247394888427 1.4264041027322492
DL 2008	3.760300974792974 4.087921138908655
DL 2015	3.852977091024189 16.298060408224956
EA 1987	2.436121160839649 5.733612433452208
EV 2008	2.625764067707872 26.942985224375747
EV 2015	2.9444889839891766 10.70104444374715
F9 2005	0.15791111741881222 161.71710271000305
F9 2012	0.22557668373706113 121.59299931179847
FL 2008	2.792770367224995 12.409313291256751
HA 2007	2.8010953056785937 0.2599443185104633
HA 2014	2.9494942075505 1.7585176838272787
HP 1988	0.6711948579418965 13.186339623548541
HP 1995	0.7493204399613694 10.591434517322782
HP 2002	0.601816401223156 16.96370058517701
MQ 2003	2.429813286802087 4.454717655261675
MQ 2010	2.4964892025460825 15.877712469086106
NW 1988	1.551176424267412 4.179592316791627
NW 1995	1.6537967814314163 1.1318999623449884
NW 2002	1.4986786272792434 0.3037503823133818
NW 2009	1.642073043119361 3.2040608428386577
OH 2006	2.7154610324231463 0.3580403173339164
OO 2006	2.5478151636281874 17.1633506744584
OO 2013	2.767467168039517 12.860509484231386
PA 1991	2.455783748315309 3.7099610459904966
RU 2003	2.367950399925548 12.827046917416652
TW 1993	2.423329694312252 8.252917362277799
TW 2000	2.6633097795312746 9.95282618824109
TZ 2006	2.675296938399161 8.964418067817405
UA 1990	4.22786059642357 9.337118109188964
UA 1997	4.272012071163082 15.863925998760465
UA 2004	4.33757612116426 4.686862097577659
UA 2011	4.4314359018792935 20.779664023920873
US 1993	3.3524292838240477 3.75140588081905
US 2000	3.5679950911600695 7.655455791260692
US 2007	3.639662956314611 10.942736992279833
US 2014	3.8022470467311136 10.765400410117536
WN 1988	0.657293894846346 13.888986311976865
WN 1995	0.7569879790143689 9.00944164114096
WN 2002	0.6062578790449973 15.918453499997227
WN 2009	0.7416430100778697 11.664814035412775
XE 2006	2.6341414252098736 10.554502580841586
YV 2011	2.684216953721953 4.296351831545564
