AA 1988	2.455665619878406 4.0806524134712845
AA 1995	2.5514472226351654 1.9001743346605622
AA 2002	2.3792141966263727 3.8667023849120596
AA 2009	2.5081444855986184 10.491739419654834
AQ 2006	2.7006292497272746 1.5930109679627833
AS 1989	0.67932509710676 12.556260213721629
AS 1996	0.7687373373504723 8.01931768928631
AS 2003	0.6667353151744889 14.325211674291765
AS 2010	0.83007961821968 8.39284470551155
B6 2007	2.798529499474393 0.18840197670499492
B6 2014	2.9060613836209197 11.94445353703253
CO 1988	1.5449477954570399 5.9381352350505665
CO 1995	1.6386840575261785 3.4981737632320744
CO 2002	1.4712983008316005 5.720536757790995
CO 2009	1.6523390131877167 2.3332464622498605
DL 1988	3.3755861545253167 0.5933595507553378
DL 1995	3.3913214513703247 10.32396312770095
DL 2002	3.244728703592623 9.099335702447263
DL 2009	3.4305293930533227 5.562116937039605
EA 1988	2.4429406439731767 5.125438345553903
EV 2009	2.4964366870182806 6.274247822813322
F9 2006	0.17706098395270617 143.57446886659855
F9 2013	0.296533227110034 99.7519302548233
FL 2009	2.5407758742017816 2.9837809856881563
HA 2008	2.860763996904895 4.06219955094366
HA 2015	3.0361551531668254 2.305744601153549
HP 1989	0.675129188149383 12.901231074922514
HP 1996	0.7584730447693847 9.153122233844613
HP 2003	0.6823310986420197 12.17710455935466
MQ 2004	2.478967541624531 7.674975728989352
MQ 2011	2.6776332840186083 4.876860424245706
NW 1989	1.5420128962849706 5.731783239896629
NW 1996	1.645296341951336 2.417740911965126
NW 2003	1.5664913778894114 2.2932785624294354
OH 2007	2.748235669289077 5.540963809617438
OO 2007	2.7682680719260246 3.2111560084436803
OO 2014	2.8787128738985 9.418081907795909
PI 1987	2.39742421156054 7.5169440879892875
RU 2004	2.4241472540496245 16.4410893329011
TW 1987	2.485405572460369 0.008040761657355233
TW 1994	2.440051308518005 6.5666183012218085
TW 2001	2.75841167053003 6.824922629474202
UA 1991	4.192537460986792 15.270685159004529
UA 1998	4.320317723590927 7.632244638058296
UA 2005	4.342931017891494 20.687565399817572
UA 2012	4.5972993916638725 1.041715456547081
US 1994	3.3322880097606493 6.3622193684686295
US 2001	3.636087367084491 9.919473217108873
US 2008	3.756217082473092 4.808181853004498
US 2015	3.866783106287086 14.58837192830947
WN 1989	0.6581766042082104 13.867520948969059
WN 1996	0.7272711507585766 11.675841068272469
WN 2003	0.6781530467211297 12.490487440314752
WN 2010	0.8361278267702147 7.225630518648515
XE 2007	2.7214794717243826 10.172281822479931
YV 2012	2.6536011160355573 15.968034861323417
