9E 2009	2.5427112634666846 1.5631681521020937
AA 1992	2.473278677257213 1.2837552813251705
AA 1999	2.586863165987668 10.5507061424114
AA 2006	2.6817407130212136 7.720693090592022
AA 2013	2.7999439231151535 16.238384357960967
AS 1993	0.6816554551668258 11.926319517505505
AS 2000	0.8914859614296423 9.296235234977274
AS 2007	0.9911224062966157 5.310824364966692
AS 2014	1.148571734640855 5.5104687618247965
B6 2004	2.541518627922828 4.412982898587302
B6 2011	2.696389040298595 4.738101318962379
CO 1992	1.5387481412840667 6.771118948497843
CO 1999	1.7020943750100292 7.450956212892606
CO 2006	1.7804427290117393 8.518549320077796
DH 2005	2.581470018562219 6.645913281349493
DL 1992	3.3171084335316428 9.141620695454208
DL 1999	3.5149337507213883 4.1543408779619995
DL 2006	3.6059199809028777 3.0842947214307515
DL 2013	3.684490214600878 17.626205628014304
EV 2006	2.51126319611711 23.79632805589071
EV 2013	2.7272541899551155 17.16369011488922
F9 2010	0.19645665277157148 157.14247059952456
FL 2006	2.7221183267211058 -0.0881819010882623
FL 2013	2.7375799314245475 19.727050366646722
HA 2005	2.6308656580801286 2.8660425644413294
HA 2012	2.7920446481628676 3.2443662509840294
HP 1993	0.6796425647732647 12.520010427631945
HP 2000	0.9133690583250382 6.121158789299045
ML 1991	2.3756303070395854 14.243175284657354
MQ 2001	2.6022996422135134 17.72383285453148
MQ 2008	2.816184258563525 6.674411549488241
MQ 2015	2.9136272885141823 13.445600298908971
NW 1993	1.5452335173074239 5.305054028096976
NW 2000	1.793162791633959 4.486730316899326
NW 2007	1.8661099062237252 5.9104567996425885
OH 2004	2.480819499193264 8.46938186902787
OO 2004	2.5042141195035788 4.9283822222156175
OO 2011	2.6049630318766837 13.180064288214425
PA 1989	2.4474126948648633 5.24701947912223
TW 1991	2.4593063786065934 3.396690944081172
TW 1998	2.5075102589925877 8.344492191653899
TZ 2004	2.476996501483104 16.147115838648574
UA 1988	4.222795293726751 9.867141774853053
UA 1995	4.317120459432011 8.23842473768218
UA 2002	4.128680537780537 14.029091108420971
UA 2009	4.27559078168029 18.622435418404507
US 1991	3.3088074469287005 9.046654703167292
US 1998	3.3914648566965644 9.702033573284893
US 2005	3.5106660147388635 4.549716957686428
US 2012	3.6884879446302965 1.8761320611232577
VX 2014	2.921346726290743 10.153534020818029
WN 1993	0.6631759755658175 13.38615561220962
WN 2000	0.894892084281438 7.82780292718661
WN 2007	0.9867616615330432 5.530886641322198
WN 2014	1.1487659406147535 3.879574890381434
XE 2011	2.580681514175753 16.247712516014303
YV 2009	2.5120338308239103 4.795819456426273
