9E 2007	2.612091943940367 20.467660163488148
AA 1990	2.4661699796073915 2.4283483697978454
AA 1997	2.4979719724327536 12.118362786505486
AA 2004	2.5529944388641734 1.7806185488029769
AA 2011	2.697223160747898 4.602623721677617
AQ 2001	2.819552736348134 -0.45831914007652585
AQ 2008	2.9020338139326363 -0.19669289754253327
AS 1991	0.6704918824458309 13.623305553214777
AS 1998	0.7641158507935161 8.571841237767757
AS 2005	0.8362488209720388 7.292660235613596
AS 2012	0.9918360009900042 5.6375615527647085
B6 2009	2.543328269906284 3.5730226404511995
CO 1990	1.5743747703543962 1.4432578589890852
CO 1997	1.6369890341635671 3.8929024767238047
CO 2004	1.6358550054253773 4.613835244193126
CO 2011	1.7820304579083268 9.070545156702735
DH 2003	2.4479638801289085 3.1356841980188506
DL 1990	3.3445071703106852 4.809679593716908
DL 1997	3.3712413866519277 13.419475061364778
DL 2004	3.4223306916328986 6.681596109883969
DL 2011	3.532850731367161 16.784301536321777
EA 1990	2.4739489572943887 0.8662948881100192
EV 2004	2.4035840692098995 16.546434580746933
EV 2011	2.5065970515634874 21.595289145231504
F9 2008	0.3198632685142907 95.82852328724726
F9 2015	0.4034720541245015 69.93686693392038
FL 2004	2.4877005693206025 8.858079836622267
FL 2011	2.716186172175301 0.5465873882530445
HA 2003	2.4844318759707433 2.5427157737390758
HA 2010	2.6370142723308434 0.657439777021608
HP 1991	0.6847458176678272 11.5640604680666
HP 1998	0.7628585239851213 8.533171510362621
HP 2005	0.8262333655049346 9.450101371053336
MQ 2006	2.6762440963918133 4.662013244406751
MQ 2013	2.8026477559630885 8.60084319338597
NW 1991	1.5436372526386164 5.5785068964074185
NW 1998	1.6430706786242224 2.6144686273008233
NW 2005	1.6908402188742215 7.806356336778492
OH 2009	2.4145317903666594 18.091896679275862
OO 2009	2.4641001330465557 10.639979864053629
PA 1987	2.502074522238037 -1.323568395196503
PI 1989	2.4131893261553685 7.2269501717790945
PS 1988	2.292462782539204 15.255343197535467
RU 2006	2.648191843567222 8.937525598615707
TW 1989	2.4795685029793137 -0.18681845045404089
TW 1996	2.5322954260165016 4.191933453108163
UA 1993	4.230251085220656 8.494547107332778
UA 2000	4.44287730781321 15.473344369005872
UA 2007	4.497024786681344 22.030874664004727
UA 2014	4.722207357921681 9.096713306754623
US 1989	3.333935560295115 5.158612884997126
US 1996	3.3856515914888528 10.263164184207312
US 2003	3.326823118716861 8.249565924021738
US 2010	3.527221854747725 2.8058673003304193
VX 2012	2.790522615111154 2.5251944117736684
WN 1991	0.6550232410361267 14.061747548323183
WN 1998	0.7515007296376703 9.666613936903673
WN 2005	0.8429944152727399 6.427308361829361
WN 2012	0.9795877997961844 6.938587888769405
XE 2009	2.532296880457754 3.2399873413812657
YV 2007	2.658445446854752 14.558440014054895
