9E 2010	2.4378206597039194 20.968915768690266
AA 1993	2.4398003891985427 7.1224112451778865
AA 2000	2.6874322019758776 6.3318709809605025
AA 2007	2.7209825286950067 15.541344551808834
AA 2014	2.907988153701995 10.637699816916836
AL 1987	2.471903714565339 1.2623533851462128
AS 1987	0.6592932228254621 15.146589101511381
AS 1994	0.6593200308570457 14.79923213448933
AS 2001	0.982032020170093 6.215745284440544
AS 2008	1.0747426562150273 3.1441015122311455
AS 2015	1.2372060393887447 2.517973081187421
B6 2005	2.6374633491498916 1.0472520870790731
B6 2012	2.763838399147646 7.067187652288112
CO 1993	1.5525622324562125 4.3642504880484125
CO 2000	1.7798069952449915 8.407782246446857
CO 2007	1.8781201184956464 5.166100094560136
DL 1993	3.333466392272089 6.703728304584445
DL 2000	3.529104464148309 15.104895389611329
DL 2007	3.6712839703003546 5.227198077717503
DL 2014	3.835627242472667 4.167201608993764
EV 2007	2.608866134645263 21.279739575369263
EV 2014	2.933189183191361 3.0587036460199784
F9 2011	0.22036779632662282 136.73590774464174
FL 2007	2.7532683868966217 6.424906307766264
FL 2014	2.906519724848443 7.3863594337609015
HA 2006	2.6971622442147094 3.8253994380436325
HA 2013	2.870226435460245 2.757173707160973
HP 1987	0.6469649006063461 14.435199149652753
HP 1994	0.6747269781702351 13.40306791809725
HP 2001	0.9968074763459123 4.618281980292693
MQ 2002	2.3685098742400994 2.625650029943074
MQ 2009	2.4300056883299987 13.363646841050098
NW 1987	1.5655369718095018 1.7888627082790265
NW 1994	1.5729300505898125 1.02486181864424
NW 2001	1.9008300563966867 0.13513954844432874
NW 2008	1.9443967308266001 6.186170502072571
OH 2005	2.5915154261886553 5.04037531371884
OO 2005	2.6211175142761487 1.7045525145829288
OO 2012	2.7335545475534526 7.511419207786446
PA 1990	2.470303429611479 1.9521739103983577
TW 1992	2.4685299782485375 1.9231041731877667
TW 1999	2.576676948219783 10.461984608592331
TZ 2005	2.571413927654519 13.082095947015091
UA 1989	4.241311562809338 6.347608146182665
UA 1996	4.35114387859035 1.6518786537567394
UA 2003	4.275584079103784 0.683067065212299
UA 2010	4.425376930947224 3.1710192051581316
US 1992	3.34836945884901 3.922563956886904
US 1999	3.4499088015495762 12.680373053930794
US 2006	3.585973678915905 6.630988205817005
US 2013	3.702803709732015 14.965064771817197
VX 2015	3.0370627765830247 2.0333518651442546
WN 1987	0.6589507142578829 13.808555284906255
WN 1994	0.6564434523198172 14.121808866353263
WN 2001	0.971897712552098 7.2396423232423786
WN 2008	1.0621115330747457 5.478248467721912
WN 2015	1.232138938420199 2.964132165283587
YV 2010	2.5592873893013817 8.22455392810997
