9E 2013	2.8309488846967903 5.235983847885166
AA 1989	2.4312002863717157 8.17209472268405
AA 1996	2.541409335491238 3.6499333089660126
AA 2003	2.436946506804429 8.410335487447014
AA 2010	2.573491416681035 13.944819707135764
AQ 2000	2.599853273729588 5.5724657552255366
AQ 2007	2.7890734490858473 3.1421725205570112
AS 1990	0.664115815981685 14.271756222735092
AS 1997	0.7404736217069012 11.506491825485696
AS 2004	0.7638810595102126 8.549273830492368
AS 2011	0.9134735549156818 6.256113918682786
B6 2008	2.8390835325862525 8.849140274898787
B6 2015	2.9965994506833695 8.607859190725208
CO 1989	1.5396538220633813 6.351418836432856
CO 1996	1.6153132725805757 7.236168950336548
CO 2003	1.5745200565696287 1.2146405135552527
CO 2010	1.7254564520785611 2.909023887730939
DL 1989	3.331292299088014 6.627000103934392
DL 1996	3.4085210553157146 7.771848175823493
DL 2003	3.3765266382368226 0.451603375440925
DL 2010	3.5046012104026847 6.9696532528182615
EA 1989	2.470436694011446 1.0154452355209855
EV 2003	2.313775650904205 17.095340808503835
EV 2010	2.547389249065442 9.201300622527526
F9 2007	0.24748594544549932 117.19610383692705
F9 2014	0.35139230672937244 83.13124098479597
FL 2003	2.4715372791604895 1.1780390472681574
FL 2010	2.6407989673644052 -0.2278691969014517
HA 2009	2.551780537142169 1.7771431389365375
HP 1990	0.6791414335222697 12.337606862692212
HP 1997	0.7482046286918075 10.876284738192453
HP 2004	0.7624840988112117 9.064281496855159
MQ 2005	2.5937595486117124 4.566782547091776
MQ 2012	2.7710910920241933 3.260713913809127
NK 2015	2.988411977765211 9.058689513039724
NW 1990	1.578671670246135 0.25735519394544326
NW 1997	1.649963612382913 1.4498044262489032
NW 2004	1.6327542704568616 4.433660317789531
OH 2008	2.8828654486711223 -0.00395213542469719
OO 2008	2.841574203031998 4.146622896383178
OO 2015	3.032047937935296 0.8620420140381384
PI 1988	2.457944007864322 1.9134356714070577
PS 1987	2.236140854436373 19.85537683558863
RU 2005	2.628896852746119 1.4332199393991232
TW 1988	2.477628630354395 0.20814483879678392
TW 1995	2.4887920215698904 11.64709282182639
UA 1992	4.185421131384591 16.469951489269306
UA 1999	4.375375015824268 12.15188995809001
UA 2006	4.493576144985753 5.552976594471033
UA 2013	4.6316798751851325 12.012523343314456
US 1988	3.3202792579957547 6.411410609555503
US 1995	3.381100541826237 10.739999755766917
US 2002	3.2290064245959824 10.623296665588214
US 2009	3.408605904440158 10.092884030887717
WN 1990	0.6588279275496793 13.734234192600049
WN 1997	0.7349790072119285 11.097400956538962
WN 2004	0.7627823894326726 8.719599833820155
WN 2011	0.9041862592200173 7.413397807379326
XE 2008	2.7381792702717824 18.336246820888277
YV 2006	2.5524876826187515 17.55664511812651
YV 2013	2.8274042623484044 5.715142069548904
