9E 2008	2.76571671687549 12.609689894787039
AA 1991	2.419788406470379 10.004335964087716
AA 1998	2.5119297889376346 9.49016222072612
AA 2005	2.5684301890024477 14.326918332065077
AA 2012	2.737538875795222 12.32989501735176
AS 1992	0.6802574101202025 12.223814890382428
AS 1999	0.8229002972359923 9.147139037175322
AS 2006	0.900859480126904 8.575549735512453
AS 2013	1.071662663864236 4.652822768170552
B6 2003	2.4388033606050046 10.248290848478291
B6 2010	2.592067364881294 11.043450747319639
CO 1991	1.539353654792904 6.911249801845713
CO 1998	1.6429973758504852 3.2234519304030016
CO 2005	1.7177321867053519 5.29246132832651
DH 2004	2.3631967635387148 18.571490480506384
DL 1991	3.366358798813709 1.8549331615482174
DL 1998	3.392813178133675 10.527157918629939
DL 2005	3.461921533897598 14.411914313125294
DL 2012	3.6940014753322097 1.3978558031595867
EV 2005	2.490411293118739 16.0411281173202
EV 2012	2.69481236310257 11.460269548224176
F9 2009	0.13167402341271503 185.51132630176775
FL 2005	2.5203945418893707 15.635135643071465
FL 2012	2.697568895638817 15.064045159917896
HA 2004	2.5531778340707945 0.9127263954745217
HA 2011	2.7326051375764955 0.0717699975577375
HP 1992	0.6821652264216309 12.012931255878172
HP 1999	0.8322000377492093 8.795027342973285
MQ 2007	2.769159142743492 3.3121859146847896
MQ 2014	2.7910789481976455 18.681632444303546
NW 1992	1.5409392178120795 6.093099947739574
NW 1999	1.7299128264558106 1.464664060426827
NW 2006	1.8070030727989002 2.183942404757289
OH 2010	2.5905775760136796 6.273523224729502
OO 2003	2.466763140760714 1.410634512290045
OO 2010	2.5281737649615685 12.398786272427543
PA 1988	2.4396022993809834 7.200922843573892
TW 1990	2.460048770598992 3.4240560832478764
TW 1997	2.514330318595715 7.33597496455036
TZ 2003	2.4104736475852206 14.630861569020283
UA 1987	4.218345041442052 10.057413236242041
UA 1994	4.257320615762143 4.023678789471774
UA 2001	4.537844860657046 12.232714191637342
UA 2008	4.631530427143007 10.213557303474545
UA 2015	4.750579047352879 21.500910815015686
US 1990	3.291941281159455 10.71829889157209
US 1997	3.384180139046776 10.485975830682321
US 2004	3.4467785265838295 1.4445057038548725
US 2011	3.5917226777294915 5.4996265956990555
VX 2013	2.842412449467826 10.383966083644736
WN 1992	0.6853432502345098 11.50381290387309
WN 1999	0.837423977055844 6.741462515298238
WN 2006	0.9188304289884909 5.229833220357406
WN 2013	1.0770788299097525 3.1056846568346828
XE 2010	2.5354604030339507 12.616581161291833
YV 2008	2.851776278352731 2.839398110347929
