AA 1987	2.4559733499962255 3.2023019070156806
AA 1994	2.4054169401456047 13.086150998713379
AA 2001	2.7187928933266616 16.199305342915522
AA 2008	2.8143752403544817 13.183994402225835
AA 2015	2.9780637457551884 12.986659045055603
AL 1988	2.428989985851852 5.318027763140606
AS 1988	0.6692236949886907 13.222372262985523
AS 1995	0.7544466639932444 9.431260027490495
AS 2002	0.6003406136533764 16.97849718527401
AS 2009	0.7632787483280831 8.55325794513952
B6 2006	2.684397881914441 9.214777874715708
B6 2013	2.839240283571093 8.574060707529554
CO 1987	1.5582170980131946 4.235006577112614
CO 1994	1.5723814589255098 1.119071933662184
CO 2001	1.8758149065623357 4.86437027841248
CO 2008	1.9607024171293739 3.973701152019828
DL 1987	3.2867809435029325 12.26806939520469
DL 1994	3.305835837497054 10.971158683954116
DL 2001	3.6929247394888427 1.4264041027322492
DL 2008	3.760300974792974 4.087921138908655
DL 2015	3.852977091024189 16.298060408224956
EA 1987	2.436121160839649 5.733612433452208
EV 2008	2.625764067707872 26.942985224375747
EV 2015	2.9444889839891766 10.70104444374715
F9 2005	0.15791111741881222 161.71710271000305
F9 2012	0.22557668373706113 121.59299931179847
FL 2008	2.792770367224995 12.409313291256751
HA 2007	2.8010953056785937 0.2599443185104633
HA 2014	2.9494942075505 1.7585176838272787
HP 1988	0.6711948579418965 13.186339623548541
HP 1995	0.7493204399613694 10.591434517322782
HP 2002	0.601816401223156 16.96370058517701
MQ 2003	2.429813286802087 4.454717655261675
MQ 2010	2.4964892025460825 15.877712469086106
NW 1988	1.551176424267412 4.179592316791627
NW 1995	1.6537967814314163 1.1318999623449884
NW 2002	1.4986786272792434 0.3037503823133818
NW 2009	1.642073043119361 3.2040608428386577
OH 2006	2.7154610324231463 0.3580403173339164
OO 2006	2.5478151636281874 17.1633506744584
OO 2013	2.767467168039517 12.860509484231386
PA 1991	2.455783748315309 3.7099610459904966
RU 2003	2.367950399925548 12.827046917416652
TW 1993	2.423329694312252 8.252917362277799
TW 2000	2.6633097795312746 9.95282618824109
TZ 2006	2.675296938399161 8.964418067817405
UA 1990	4.22786059642357 9.337118109188964
UA 1997	4.272012071163082 15.863925998760465
UA 2004	4.33757612116426 4.686862097577659
UA 2011	4.4314359018792935 20.779664023920873
US 1993	3.3524292838240477 3.75140588081905
US 2000	3.5679950911600695 7.655455791260692
US 2007	3.639662956314611 10.942736992279833
US 2014	3.8022470467311136 10.765400410117536
WN 1988	0.657293894846346 13.888986311976865
WN 1995	0.7569879790143689 9.00944164114096
WN 2002	0.6062578790449973 15.918453499997227
WN 2009	0.7416430100778697 11.664814035412775
XE 2006	2.6341414252098736 10.554502580841586
YV 2011	2.684216953721953 4.296351831545564
