9E,2013	2.830948884696682,5.235983847900627
AA,2013	2.7999439231154435,16.238384357901907
AA,2014	2.9079881537022825,10.63769981686437
AA,2015	3.032800935049514,1.6879337679304172
AS,2013	1.0716626638641946,4.652822768179135
AS,2014	1.1485717346407922,5.510468761838069
AS,2015	1.2663954075700021,-1.4482456776222534
B6,2013	2.8392402835716104,8.574060707436047
B6,2014	2.9060613836208837,11.94445353704765
B6,2015	2.98762735138208,10.828467108030281
DL,2013	3.6844902146009293,17.626205627993272
DL,2014	3.8356272424737865,4.167201608798337
DL,2015	3.9129348125653793,7.036354255333208
EV,2013	2.7272541899559033,17.163690114801057
EV,2014	2.933189183191923,3.0587036459651813
EV,2015	2.9811806361739204,6.680574615630007
F9,2013	0.2965332271101087,99.75193025481218
F9,2014	0.3513923067292848,83.1312409848091
F9,2015	0.4125980731749635,68.722592799776
FL,2013	2.737579931425101,19.72705036657078
FL,2014	2.906519724848921,7.386359433698146
HA,2013	2.8702264354602676,2.7571737071580174
HA,2014	2.9494942075504915,1.7585176838260281
HA,2015	3.0305989873923043,2.6243566152036237
MQ,2013	2.802647755963072,8.600843193388016
MQ,2014	2.7910789481978338,18.681632444284503
MQ,2015	2.985965752300332,5.3436676396561325
NK,2015	2.861199027049177,29.901121381121186
OO,2013	2.767467168040023,12.860509484175793
OO,2014	2.878712873898935,9.418081907756061
OO,2015	2.9491786012064427,10.047828123934039
UA,2013	4.631679875185299,12.012523343275802
UA,2014	4.722207357921816,9.096713306741663
UA,2015	4.756617744420743,20.81742072450902
US,2013	3.7028037097325117,14.965064771735342
US,2014	3.8022470467310363,10.765400410146299
US,2015	3.8792271200578203,12.310481323961653
VX,2013	2.8424124494679126,10.383966083619043
VX,2014	2.921346726290735,10.153534020821553
VX,2015	3.0503494759520784,-1.1424198712320504
WN,2013	1.0770788299098664,3.1056846568179424
WN,2014	1.1487659406148982,3.8795748903597485
WN,2015	1.241375800302968,1.6948801840980536
YV,2013	2.827404262348478,5.71514206954231
